 -1888976702 -1568053976  -516649568   720472973
  -404615045    45646102  1837594996  1522571029
 -1653164938 -1451386933 -1843325662   347618874
 -1525498177   904991150   261092607   171678972
 -1514636528   364451769  -610839065  1825481241
  -871904750  1186311566  -751926829   976507217
  1818188620  1217804137  -940033538  1895752702
  1312246165  -756700350  1842999759  -382165788
   376136631  2080732948  1305342387 -2016443327
   -15341268   241319744 -1947120012    81625139
 -1045822117 -2033637247  1117096233   632113809
 -1864121346  1729730139   722490645  1835196422
   136066877  -678384259  1042109125  1580483027
 -1571338618  2122554064  1694616201  -275405365
  1315617130  -777368203  1818130173   647452746
 -1694641306   346954462  -577345917  1951958603
 -1271999354 -1644984080 -1929384531  1091216954
 -2134560841   655339626    95230755 -1830528324
 -1889474595 -1305453603  1163923665  -766406708
 -1631640118   793930295  -203038600 -1414232907
 -1009620502   413026957  1627829663 -1249389667
 -1068933045   647525878  1358305888   673464601
   759577518 -1709622310   -16354676   677345086
  1288060469   606766498 -2058935337   515708271
   752194532  1109210592  2074793536  2132083186
  2023921915   743341543  -659282042 -1544270623
  1885548107  2145976560  -865207296  1424981784
 -1924963960   985510685    40239224 -1404998908
  1053592085  -372364627  1488279492  -633573861
  1731024843  1216264244 -1761118283 -1389975078
    17538141 -2094932545  1253242494   376063773
  -781997719  1376643688  -222329267 -2081678448
   593702390 -1642067737 -1974860036 -1530362058
  -261361771 -1696673831   998855091 -1215986564
  -222869651   705636862  1145134294 -1127668406
   655175077  2050363323 -1174048151 -1408396319
  1474638612    -3691342  1230058713     3017373
   179311976  -262760936
